

                   INTERNATIONAL EARTH ROTATION SERVICE
                        EARTH ROTATION PARAMETERS
                            EOP (IERS) 90 C 04

  
             FORMAT(2X,A4,I3,2X,I5,2F9.5,F10.6,2X,F10.6,2X,2F9.5)
******************************************************************************
  
    Date    MJD     x        y      UT1-UTC       LOD        dPsi   dEpsilon
                    "        "         s           s          "         "
     (0h UTC)


  YEAR ==> 1996

  JAN   1  50083 -0.17632  0.19091  0.555277    0.001938   -0.02930 -0.00456
  JAN   2  50084 -0.17775  0.19392  0.553450    0.001746   -0.02927 -0.00460
  JAN   3  50085 -0.17870  0.19653  0.551762    0.001638   -0.02898 -0.00473
  JAN   4  50086 -0.17971  0.19943  0.550163    0.001556   -0.02866 -0.00480
  JAN   5  50087 -0.18071  0.20291  0.548635    0.001527   -0.02820 -0.00492
  JAN   6  50088 -0.18196  0.20626  0.547096    0.001572   -0.02785 -0.00507
  JAN   7  50089 -0.18387  0.20952  0.545479    0.001673   -0.02760 -0.00516
  JAN   8  50090 -0.18584  0.21257  0.543745    0.001808   -0.02749 -0.00522
  JAN   9  50091 -0.18711  0.21523  0.541860    0.001923   -0.02755 -0.00528
  JAN  10  50092 -0.18889  0.21751  0.539899    0.001968   -0.02787 -0.00526
  JAN  11  50093 -0.19128  0.22016  0.537931    0.001979   -0.02820 -0.00519
  JAN  12  50094 -0.19272  0.22295  0.535950    0.001996   -0.02847 -0.00509
  JAN  13  50095 -0.19488  0.22616  0.533951    0.002009   -0.02880 -0.00495
  JAN  14  50096 -0.19719  0.22957  0.531944    0.001976   -0.02903 -0.00486
  JAN  15  50097 -0.19864  0.23231  0.530008    0.001920   -0.02911 -0.00491
  JAN  16  50098 -0.19998  0.23465  0.528110    0.001891   -0.02912 -0.00485
  JAN  17  50099 -0.20126  0.23709  0.526220    0.001845   -0.02898 -0.00496
  JAN  18  50100 -0.20253  0.24025  0.524406    0.001746   -0.02884 -0.00502
  JAN  19  50101 -0.20372  0.24403  0.522708    0.001741   -0.02877 -0.00511
  JAN  20  50102 -0.20537  0.24804  0.520905    0.001898   -0.02865 -0.00514
  JAN  21  50103 -0.20705  0.25201  0.518903    0.002062   -0.02864 -0.00511
  JAN  22  50104 -0.20844  0.25551  0.516787    0.002141   -0.02869 -0.00507
  JAN  23  50105 -0.20985  0.25872  0.514640    0.002138   -0.02881 -0.00503
  JAN  24  50106 -0.21141  0.26207  0.512536    0.002083   -0.02897 -0.00493
  JAN  25  50107 -0.21246  0.26559  0.510495    0.002005   -0.02922 -0.00488
  JAN  26  50108 -0.21307  0.26936  0.508542    0.001888   -0.02949 -0.00480
  JAN  27  50109 -0.21395  0.27329  0.506726    0.001718   -0.02959 -0.00488
  JAN  28  50110 -0.21550  0.27724  0.505104    0.001567   -0.02968 -0.00501
  JAN  29  50111 -0.21728  0.28100  0.503585    0.001476   -0.02970 -0.00516
  JAN  30  50112 -0.21875  0.28432  0.502141    0.001403   -0.02945 -0.00529
  JAN  31  50113 -0.22023  0.28770  0.500767    0.001363   -0.02917 -0.00548
  FEB   1  50114 -0.22137  0.29088  0.499402    0.001386   -0.02881 -0.00562
  FEB   2  50115 -0.22185  0.29459  0.497981    0.001490   -0.02845 -0.00579
  FEB   3  50116 -0.22219  0.29870  0.496414    0.001620   -0.02816 -0.00580
  FEB   4  50117 -0.22226  0.30231  0.494731    0.001738   -0.02811 -0.00577
  FEB   5  50118 -0.22244  0.30594  0.492933    0.001851   -0.02802 -0.00582
  FEB   6  50119 -0.22316  0.30973  0.491031    0.001929   -0.02819 -0.00579
  FEB   7  50120 -0.22394  0.31335  0.489079    0.001998   -0.02828 -0.00581
  FEB   8  50121 -0.22457  0.31695  0.487044    0.002116   -0.02825 -0.00588
  FEB   9  50122 -0.22526  0.32027  0.484860    0.002156   -0.02820 -0.00602
  FEB  10  50123 -0.22528  0.32291  0.482744    0.002107   -0.02817 -0.00612
  FEB  11  50124 -0.22471  0.32549  0.480656    0.002069   -0.02830 -0.00616
  FEB  12  50125 -0.22388  0.32835  0.478609    0.002015   -0.02857 -0.00610
  FEB  13  50126 -0.22235  0.33137  0.476624    0.001956   -0.02907 -0.00603
  FEB  14  50127 -0.22102  0.33484  0.474688    0.001925   -0.02956 -0.00590
  FEB  15  50128 -0.21981  0.33847  0.472756    0.001954   -0.02979 -0.00572
  FEB  16  50129 -0.21907  0.34271  0.470757    0.002027   -0.02984 -0.00556
  FEB  17  50130 -0.21886  0.34755  0.468687    0.002171   -0.02969 -0.00556
  FEB  18  50131 -0.21895  0.35224  0.466412    0.002388   -0.02929 -0.00562
  FEB  19  50132 -0.21979  0.35649  0.463922    0.002566   -0.02896 -0.00567
  FEB  20  50133 -0.22077  0.36020  0.461303    0.002628   -0.02878 -0.00586
  FEB  21  50134 -0.22132  0.36362  0.458692    0.002563   -0.02880 -0.00599
  FEB  22  50135 -0.22170  0.36689  0.456201    0.002428   -0.02907 -0.00609
  FEB  23  50136 -0.22152  0.36985  0.453847    0.002279   -0.02951 -0.00625
  FEB  24  50137 -0.22140  0.37353  0.451644    0.002106   -0.03003 -0.00637
  FEB  25  50138 -0.22121  0.37802  0.449629    0.001937   -0.03031 -0.00651
  FEB  26  50139 -0.22073  0.38219  0.447758    0.001815   -0.03052 -0.00665
  FEB  27  50140 -0.22014  0.38613  0.445985    0.001732   -0.03047 -0.00686
  FEB  28  50141 -0.21978  0.38996  0.444284    0.001707   -0.03013 -0.00702
  FEB  29  50142 -0.21918  0.39353  0.442583    0.001765   -0.02967 -0.00711
  MAR   1  50143 -0.21811  0.39747  0.440740    0.001951   -0.02925 -0.00713
  MAR   2  50144 -0.21635  0.40182  0.438671    0.002083   -0.02874 -0.00721
  MAR   3  50145 -0.21442  0.40589  0.436569    0.002176   -0.02839 -0.00717
  MAR   4  50146 -0.21268  0.40977  0.434321    0.002341   -0.02821 -0.00713
  MAR   5  50147 -0.21083  0.41381  0.431891    0.002497   -0.02818 -0.00713
  MAR   6  50148 -0.20902  0.41822  0.429335    0.002587   -0.02843 -0.00718
  MAR   7  50149 -0.20710  0.42236  0.426731    0.002593   -0.02869 -0.00720
  MAR   8  50150 -0.20586  0.42593  0.424163    0.002573   -0.02910 -0.00728
  MAR   9  50151 -0.20427  0.42987  0.421601    0.002583   -0.02938 -0.00731
  MAR  10  50152 -0.20297  0.43332  0.419005    0.002550   -0.02960 -0.00736
  MAR  11  50153 -0.20179  0.43657  0.416498    0.002465   -0.02955 -0.00749
  MAR  12  50154 -0.19976  0.44010  0.414064    0.002390   -0.02937 -0.00759
  MAR  13  50155 -0.19855  0.44341  0.411704    0.002283   -0.02911 -0.00762
  MAR  14  50156 -0.19712  0.44704  0.409480    0.002179   -0.02875 -0.00779
  MAR  15  50157 -0.19509  0.45053  0.407329    0.002177   -0.02836 -0.00780
  MAR  16  50158 -0.19314  0.45381  0.405115    0.002260   -0.02811 -0.00786
  MAR  17  50159 -0.19112  0.45741  0.402811    0.002341   -0.02802 -0.00792
  MAR  18  50160 -0.18876  0.46068  0.400447    0.002424   -0.02799 -0.00789
  MAR  19  50161 -0.18555  0.46458  0.397987    0.002478   -0.02819 -0.00790
  MAR  20  50162 -0.18202  0.46949  0.395516    0.002428   -0.02836 -0.00798
  MAR  21  50163 -0.17913  0.47383  0.393148    0.002338   -0.02851 -0.00792
  MAR  22  50164 -0.17706  0.47765  0.390849    0.002248   -0.02868 -0.00792
  MAR  23  50165 -0.17558  0.48084  0.388652    0.002093   -0.02870 -0.00796
  MAR  24  50166 -0.17380  0.48353  0.386654    0.001959   -0.02866 -0.00801
  MAR  25  50167 -0.17161  0.48623  0.384721    0.001917   -0.02867 -0.00813
  MAR  26  50168 -0.16912  0.48883  0.382805    0.001887   -0.02845 -0.00820
  MAR  27  50169 -0.16600  0.49163  0.380932    0.001868   -0.02828 -0.00832
  MAR  28  50170 -0.16294  0.49461  0.379058    0.001888   -0.02794 -0.00846
  MAR  29  50171 -0.16025  0.49769  0.377146    0.001968   -0.02759 -0.00845
  MAR  30  50172 -0.15716  0.50050  0.375115    0.002089   -0.02739 -0.00851
  MAR  31  50173 -0.15461  0.50337  0.372964    0.002156   -0.02726 -0.00847
  APR   1  50174 -0.15229  0.50636  0.370802    0.002235   -0.02738 -0.00835
  APR   2  50175 -0.14974  0.50940  0.368501    0.002442   -0.02761 -0.00839
  APR   3  50176 -0.14777  0.51228  0.365928    0.002595   -0.02808 -0.00829
  APR   4  50177 -0.14601  0.51463  0.363326    0.002538   -0.02851 -0.00835
  APR   5  50178 -0.14420  0.51645  0.360868    0.002452   -0.02894 -0.00847
  APR   6  50179 -0.14229  0.51820  0.358433    0.002429   -0.02921 -0.00851
  APR   7  50180 -0.14047  0.51995  0.356019    0.002388   -0.02941 -0.00865
  APR   8  50181 -0.13848  0.52157  0.353652    0.002315   -0.02937 -0.00876
  APR   9  50182 -0.13568  0.52377  0.351374    0.002269   -0.02913 -0.00882
  APR  10  50183 -0.13270  0.52673  0.349097    0.002270   -0.02886 -0.00891
  APR  11  50184 -0.12931  0.52985  0.346818    0.002300   -0.02844 -0.00893
  APR  12  50185 -0.12662  0.53266  0.344486    0.002419   -0.02804 -0.00891
  APR  13  50186 -0.12381  0.53551  0.341980    0.002580   -0.02769 -0.00886
  APR  14  50187 -0.12032  0.53831  0.339334    0.002615   -0.02752 -0.00883
  APR  15  50188 -0.11673  0.54077  0.336768    0.002558   -0.02748 -0.00883
  APR  16  50189 -0.11300  0.54316  0.334243    0.002521   -0.02764 -0.00878
  APR  17  50190 -0.10963  0.54577  0.331748    0.002465   -0.02780 -0.00890
  APR  18  50191 -0.10699  0.54840  0.329324    0.002308   -0.02810 -0.00899
  APR  19  50192 -0.10419  0.55057  0.327137    0.002116   -0.02838 -0.00911
  APR  20  50193 -0.10088  0.55287  0.325088    0.001992   -0.02850 -0.00926
  APR  21  50194 -0.09799  0.55492  0.323143    0.001936   -0.02855 -0.00929
  APR  22  50195 -0.09504  0.55668  0.321202    0.001921   -0.02836 -0.00939
  APR  23  50196 -0.09135  0.55893  0.319286    0.001893   -0.02820 -0.00942
  APR  24  50197 -0.08799  0.56064  0.317402    0.001899   -0.02784 -0.00939
  APR  25  50198 -0.08481  0.56223  0.315476    0.001973   -0.02746 -0.00929
  APR  26  50199 -0.08114  0.56384  0.313448    0.002083   -0.02721 -0.00926
  APR  27  50200 -0.07706  0.56490  0.311301    0.002199   -0.02692 -0.00912
  APR  28  50201 -0.07273  0.56638  0.309048    0.002309   -0.02699 -0.00909
  APR  29  50202 -0.06831  0.56853  0.306688    0.002420   -0.02720 -0.00910
  APR  30  50203 -0.06399  0.57116  0.304213    0.002526   -0.02756 -0.00908
  MAY   1  50204 -0.05995  0.57360  0.301648    0.002596   -0.02801 -0.00922
  MAY   2  50205 -0.05665  0.57550  0.299037    0.002617   -0.02848 -0.00933
  MAY   3  50206 -0.05344  0.57693  0.296427    0.002593   -0.02890 -0.00946
  MAY   4  50207 -0.04988  0.57847  0.293862    0.002534   -0.02926 -0.00961
  MAY   5  50208 -0.04604  0.57991  0.291357    0.002416   -0.02946 -0.00973
  MAY   6  50209 -0.04209  0.58103  0.289018    0.002310   -0.02944 -0.00981
  MAY   7  50210 -0.03797  0.58222  0.286721    0.002325   -0.02928 -0.00982
  MAY   8  50211 -0.03384  0.58345  0.284339    0.002375   -0.02903 -0.00966
  MAY   9  50212 -0.02935  0.58480  0.281957    0.002425   -0.02869 -0.00945
  MAY  10  50213 -0.02490  0.58603  0.279488    0.002548   -0.02839 -0.00931
  MAY  11  50214 -0.02080  0.58694  0.276866    0.002655   -0.02816 -0.00917
  MAY  12  50215 -0.01629  0.58784  0.274190    0.002690   -0.02809 -0.00905
  MAY  13  50216 -0.01173  0.58895  0.271505    0.002665   -0.02812 -0.00899
  MAY  14  50217 -0.00776  0.58982  0.268879    0.002571   -0.02829 -0.00899
  MAY  15  50218 -0.00394  0.59074  0.266376    0.002433   -0.02842 -0.00895
  MAY  16  50219 -0.00028  0.59161  0.264021    0.002257   -0.02864 -0.00897
  MAY  17  50220  0.00295  0.59224  0.261856    0.002087   -0.02881 -0.00901
  MAY  18  50221  0.00601  0.59260  0.259832    0.001948   -0.02881 -0.00915
  MAY  19  50222  0.00966  0.59294  0.257947    0.001835   -0.02866 -0.00926
  MAY  20  50223  0.01337  0.59350  0.256149    0.001756   -0.02852 -0.00932
  MAY  21  50224  0.01711  0.59392  0.254422    0.001692   -0.02825 -0.00930
  MAY  22  50225  0.02080  0.59408  0.252753    0.001658   -0.02804 -0.00933
  MAY  23  50226  0.02483  0.59404  0.251096    0.001692   -0.02784 -0.00921
  MAY  24  50227  0.02955  0.59399  0.249363    0.001738   -0.02790 -0.00916
  MAY  25  50228  0.03441  0.59430  0.247617    0.001813   -0.02802 -0.00902
  MAY  26  50229  0.03944  0.59456  0.245737    0.001903   -0.02829 -0.00902
  MAY  27  50230  0.04470  0.59467  0.243818    0.001946   -0.02864 -0.00898
  MAY  28  50231  0.04956  0.59490  0.241848    0.001965   -0.02901 -0.00900
  MAY  29  50232  0.05374  0.59536  0.239889    0.001940   -0.02941 -0.00909
  MAY  30  50233  0.05744  0.59562  0.237979    0.001895   -0.02978 -0.00912
  MAY  31  50234  0.06124  0.59566  0.236110    0.001843   -0.02999 -0.00916
  JUN   1  50235  0.06535  0.59539  0.234297    0.001749   -0.03014 -0.00920
  JUN   2  50236  0.06981  0.59446  0.232613    0.001653   -0.03016 -0.00919
  JUN   3  50237  0.07434  0.59353  0.230979    0.001647   -0.03009 -0.00912
  JUN   4  50238  0.07845  0.59289  0.229300    0.001710   -0.03004 -0.00909
  JUN   5  50239  0.08233  0.59149  0.227545    0.001792   -0.02995 -0.00899
  JUN   6  50240  0.08639  0.59004  0.225714    0.001880   -0.02990 -0.00886
  JUN   7  50241  0.09048  0.58903  0.223793    0.001961   -0.03002 -0.00881
  JUN   8  50242  0.09447  0.58800  0.221809    0.002000   -0.03020 -0.00869
  JUN   9  50243  0.09788  0.58688  0.219812    0.002040   -0.03050 -0.00870
  JUN  10  50244  0.10117  0.58538  0.217746    0.002070   -0.03087 -0.00878
  JUN  11  50245  0.10493  0.58387  0.215684    0.001987   -0.03122 -0.00883
  JUN  12  50246  0.10894  0.58251  0.213781    0.001789   -0.03148 -0.00903
  JUN  13  50247  0.11315  0.58092  0.212106    0.001646   -0.03171 -0.00917
  JUN  14  50248  0.11777  0.57920  0.210483    0.001564   -0.03186 -0.00931
  JUN  15  50249  0.12216  0.57779  0.208968    0.001365   -0.03196 -0.00943
  JUN  16  50250  0.12613  0.57638  0.207738    0.001234   -0.03184 -0.00951
  JUN  17  50251  0.13035  0.57411  0.206485    0.001237   -0.03177 -0.00942
  JUN  18  50252  0.13433  0.57213  0.205254    0.001200   -0.03163 -0.00936
  JUN  19  50253  0.13783  0.57045  0.204076    0.001192   -0.03148 -0.00915
  JUN  20  50254  0.14139  0.56839  0.202861    0.001272   -0.03149 -0.00901
  JUN  21  50255  0.14506  0.56660  0.201530    0.001404   -0.03156 -0.00887
  JUN  22  50256  0.14885  0.56513  0.200056    0.001520   -0.03179 -0.00885
  JUN  23  50257  0.15285  0.56396  0.198496    0.001575   -0.03212 -0.00879
  JUN  24  50258  0.15663  0.56269  0.196914    0.001585   -0.03249 -0.00879
  JUN  25  50259  0.15980  0.56130  0.195335    0.001571   -0.03282 -0.00886
  JUN  26  50260  0.16287  0.55948  0.193782    0.001520   -0.03324 -0.00887
  JUN  27  50261  0.16622  0.55678  0.192304    0.001451   -0.03371 -0.00892
  JUN  28  50262  0.16917  0.55406  0.190886    0.001380   -0.03411 -0.00896
  JUN  29  50263  0.17225  0.55138  0.189544    0.001292   -0.03446 -0.00886
  JUN  30  50264  0.17563  0.54862  0.188290    0.001204   -0.03481 -0.00882
  JUL   1  50265  0.17896  0.54587  0.187117    0.001172   -0.03495 -0.00870
  JUL   2  50266  0.18225  0.54307  0.185927    0.001217   -0.03503 -0.00853
  JUL   3  50267  0.18519  0.54058  0.184676    0.001276   -0.03503 -0.00840
  JUL   4  50268  0.18811  0.53791  0.183380    0.001341   -0.03500 -0.00836
  JUL   5  50269  0.19171  0.53465  0.182010    0.001412   -0.03503 -0.00842
  JUL   6  50270  0.19561  0.53179  0.180579    0.001450   -0.03499 -0.00852
  JUL   7  50271  0.19969  0.52958  0.179132    0.001430   -0.03515 -0.00868
  JUL   8  50272  0.20391  0.52748  0.177735    0.001342   -0.03531 -0.00880
  JUL   9  50273  0.20779  0.52519  0.176459    0.001190   -0.03551 -0.00899
  JUL  10  50274  0.21112  0.52277  0.175355    0.001033   -0.03568 -0.00912
  JUL  11  50275  0.21503  0.52005  0.174385    0.000938   -0.03589 -0.00917
  JUL  12  50276  0.21860  0.51730  0.173468    0.000885   -0.03604 -0.00920
  JUL  13  50277  0.22155  0.51440  0.172601    0.000813   -0.03605 -0.00909
  JUL  14  50278  0.22476  0.51136  0.171828    0.000789   -0.03609 -0.00902
  JUL  15  50279  0.22765  0.50833  0.171011    0.000857   -0.03603 -0.00888
  JUL  16  50280  0.23026  0.50527  0.170104    0.000931   -0.03605 -0.00879
  JUL  17  50281  0.23277  0.50213  0.169142    0.000982   -0.03620 -0.00856
  JUL  18  50282  0.23505  0.49927  0.168138    0.001041   -0.03642 -0.00841
  JUL  19  50283  0.23723  0.49698  0.167059    0.001137   -0.03680 -0.00818
  JUL  20  50284  0.23893  0.49397  0.165868    0.001252   -0.03721 -0.00800
  JUL  21  50285  0.24002  0.49077  0.164563    0.001325   -0.03777 -0.00788
  JUL  22  50286  0.24111  0.48788  0.163225    0.001313   -0.03832 -0.00783
  JUL  23  50287  0.24245  0.48485  0.161946    0.001281    0.00000  0.00000
  JUL  24  50288  0.24381  0.48189  0.160669    0.001311    0.00000  0.00000
  JUL  25  50289  0.24514  0.47925  0.159329    0.001336    0.00000  0.00000
  JUL  26  50290  0.24678  0.47650  0.157998    0.001302    0.00000  0.00000
  JUL  27  50291  0.24861  0.47337  0.156716    0.001247    0.00000  0.00000
  JUL  28  50292  0.25075  0.47018  0.155487    0.001228    0.00000  0.00000
  JUL  29  50293  0.25284  0.46720  0.154238    0.001304    0.00000  0.00000
  JUL  30  50294  0.25459  0.46458  0.152863    0.001454    0.00000  0.00000
  JUL  31  50295  0.25637  0.46173  0.151328    0.001616    0.00000  0.00000
  AUG   1  50296  0.25820  0.45849  0.149643    0.001743    0.00000  0.00000
